0 0 1 2 3
1 4 5 2 1 6
2 9 10 11 12 13 14 15 16
3 1 2 19 20
4 19 22 23 24
5 25 26 27 14 6 28 29
6 32 33 34 35
7 37 38 39 40
8 43 36 2 14
9 8 45 2 1
10 8 1 4 47
11 49 50 51 52 53 54 55 56
12 60 2 23 61 48 62 1 63 0 20 64 8
13 15 37 68 69
14 6 70 71 72 73 74 75 76 77 59 78
15 52 80 13 78 12 81 82 83 84 85 18 9 86 87 88 89 90
16 1 14 96 46 3 22 85 70 44 36
17 99 70 100 101
18 53 103 6 104 51
19 105 106 107 14
20 19 109 20 110 1 111 23 0
21 83 113 78 112
22 31 6 1 114 20 4 0 21 115
23 76 108 14 44
24 31 117 113 118 119
25 96 76 36 18
26 122 123 98 124 125 126 93
27 70 12 67 127
28 128 19 116 65
29 2 70 129 130
30 0 2 1 108 8 131
31 23 133 1 4
32 129 134 89 135
33 87 129 2 28 103 96 133 136 137 7 4 138 12 70 1 23
34 39 140 25 6
35 70 6 96 36
36 67 142 143 104 119 144
37 145 98 25 33 103 146 147 78 47 148 149 143 6 136
38 115 151 152 144
39 6 143 152 2
40 151 14 154 1
41 156 2 136 130 129 157 103 6 158 159 23 62 3
42 160 96 98 136 1 161 103 87 162 163 164 165 51 2 166 167
43 4 19 2 1
44 129 171 143 6 36
45 172 66 1 8
46 32 33 173 6
47 97 176 124 144
48 41 177 89 91 178 98 37 39 68 179
49 98 103 156 138 146 23 29 181
50 37 44 4 23
51 18 121 98 51 182
52 40 43 176 183 6 184 185 51 124 186 187 39
53 51 143 99 103 112 67
54 14 7 23 190
55 192 89 100 6 166 193 134 125
56 156 25 196 197
57 199 179 135 178 145 171 200 201 202 203 160 159 104 204 91 205 206 148 207 25 112 208 209 210 124 211 212 213 214 215 186 73 216 217 218 89 219 220
58 155 149 224 19 225
59 17 67 25 70 171 226 6 143 3
60 36 17 67 227
61 228 2 1 144 172
62 229 7 89 230 114 205 231
63 232 233 6 66
64 192 181 94 3
65 7 136 174 236 237
66 239 240 103 1 241 169 182 53 242 243 244 161 133
67 8 4 17 0
68 75 1 124 19
69 55 182 103 247
70 1 172 249 5
71 250 251 119 252 207 167 253 254 59 120 180
72 70 256 85 96
73 119 257 258 93
74 8 1 173 39 2 4
75 65 4 108 23 91 2
76 1 8 2 20 7
77 69 68 37 179 40
78 130 70 69 96
79 1 20 21 68
80 181 6 237 262
81 15 3 172 30 139 2 133
82 44 127 18 16
83 19 3 1 85
84 103 247 159 136
85 266 129 3 130
86 7 0 2 5
87 6 17 267 24
88 231 37 41 137 98 166 268
89 0 1 46 2
90 269 89 114 7
91 81 270 36 23
92 171 11 256 70
93 273 144 98 37
94 2 4 1 19
95 44 131 14 154
96 81 275 276 125
97 96 2 158 3
98 164 13 143 94
99 14 19 172 30
